30
10
0
15
0
0
0
0
0
0
0
0
0
0
0
0
0
0
0
0
0
0
0
0
0
2169408
542382
0
0
0
1
2
1
1
2
2
2
2
3
2
4
2
0
0
0
0
0
0
0
0
1084704
542352
0
0
0
0
0
0
0
0
0
0
0
0
0
0
0
0
167
0
186
0
144
0
180
0
0
600
0
0
0
0
0
0
662
140
140
0
60
60
20
20
20
100
130
140
40
40
240
40
20
0
20
20
20
40
340
140
140
0
0
60
16
4
2
2
80
8
14
4
4
20
10
8
6
20
300
80
152
100
0
560
0
80
180
120
80
60
32
40
260
268
220
220
1400
0
60
232
150
2
0
10
4
184
2
2
0
2
0
12
2
2
20
0
12574.821428571468
0
90
1589
0
0
0
0
0
0
0
0
0
0
0
0
0
0
0
0
0
0
0
0
0
0
0
0
0
0
0
0
0
0
0
0
0
0
0
0
0
0
0
0
0
0
0
0
0
0
0
0
0
0
0
0
0
16654
0
0
10430
0
21008
20898
0
0
0
0
0
0
0
0
0
24949
24807
0
